<!DOCTYPE html>
<html lang="en">
<head>
  <meta charset="utf-8">
  <script src="https://cdn.plot.ly/plotly-2.35.2.min.js"></script>
  <style>
    * { box-sizing: border-box; margin: 0; padding: 0; }
    body { background: #0f0f0f; font-family: -apple-system, sans-serif; color: white; }
    #controls {
      display: flex; align-items: center; gap: 16px;
      padding: 10px 20px; background: #161616;
      border-bottom: 1px solid #2a2a2a; flex-wrap: wrap;
    }
    .mode-btn {
      background: #252525; color: #ccc;
      border: 1px solid #555; border-radius: 5px;
      padding: 6px 20px; font-size: 13px; cursor: pointer;
    }
    .mode-btn.active {
      background: #4a4fc4; border-color: #7b7ff0; color: #fff; font-weight: 600;
    }
    #slider-wrap { display: flex; align-items: center; gap: 10px; flex: 1; min-width: 200px; }
    #slider-wrap label { font-size: 13px; white-space: nowrap; }
    #r1-slider { flex: 1; accent-color: #7b7ff0; }
    #plot { width: 100%; }
  </style>
</head>
<body>
  <div id="controls">
    <button class="mode-btn active" id="btn-hf" onclick="setMode('hf')">Hartree-Fock</button>
    <button class="mode-btn"       id="btn-fc" onclick="setMode('fc')">Fully correlated</button>
    <div id="slider-wrap">
      <label id="slider-label">r₁ = 0.0 bohr</label>
      <input type="range" id="r1-slider" min="0" max="7" step="1" value="0"
             oninput="onSlider(this.value)">
    </div>
  </div>
  <div id="plot"></div>
  <script>
    var figData = {"data":[{"colorbar":{"len":0.9,"title":{"side":"right","text":"ρ (norm.)"},"x":1.01},"colorscale":[[0.0,"#0d0887"],[0.1111111111111111,"#46039f"],[0.2222222222222222,"#7201a8"],[0.3333333333333333,"#9c179e"],[0.4444444444444444,"#bd3786"],[0.5555555555555556,"#d8576b"],[0.6666666666666666,"#ed7953"],[0.7777777777777778,"#fb9f3a"],[0.8888888888888888,"#fdca26"],[1.0,"#f0f921"]],"showscale":true,"visible":true,"x":[-2.0,-1.9595959595959596,-1.9191919191919191,-1.878787878787879,-1.8383838383838385,-1.797979797979798,-1.7575757575757576,-1.7171717171717171,-1.6767676767676767,-1.6363636363636362,-1.595959595959596,-1.5555555555555556,-1.5151515151515151,-1.4747474747474747,-1.4343434343434343,-1.393939393939394,-1.3535353535353534,-1.3131313131313131,-1.2727272727272727,-1.2323232323232323,-1.1919191919191918,-1.1515151515151514,-1.1111111111111112,-1.0707070707070705,-1.0303030303030303,-0.9898989898989898,-0.9494949494949494,-0.909090909090909,-0.8686868686868685,-0.8282828282828283,-0.7878787878787878,-0.7474747474747474,-0.707070707070707,-0.6666666666666665,-0.6262626262626261,-0.5858585858585856,-0.5454545454545454,-0.505050505050505,-0.46464646464646453,-0.4242424242424241,-0.38383838383838365,-0.3434343434343432,-0.303030303030303,-0.26262626262626254,-0.2222222222222221,-0.18181818181818166,-0.14141414141414121,-0.10101010101010077,-0.06060606060606055,-0.02020202020202011,0.020202020202020332,0.060606060606060996,0.10101010101010122,0.14141414141414144,0.1818181818181821,0.22222222222222232,0.262626262626263,0.3030303030303032,0.3434343434343434,0.3838383838383841,0.4242424242424243,0.464646464646465,0.5050505050505052,0.5454545454545459,0.5858585858585861,0.6262626262626263,0.666666666666667,0.7070707070707072,0.7474747474747478,0.7878787878787881,0.8282828282828287,0.868686868686869,0.9090909090909092,0.9494949494949498,0.9898989898989901,1.0303030303030307,1.070707070707071,1.1111111111111112,1.1515151515151518,1.191919191919192,1.2323232323232327,1.272727272727273,1.3131313131313136,1.3535353535353538,1.393939393939394,1.4343434343434347,1.474747474747475,1.5151515151515156,1.5555555555555558,1.5959595959595965,1.6363636363636367,1.676767676767677,1.7171717171717176,1.7575757575757578,1.7979797979797985,1.8383838383838387,1.878787878787879,1.9191919191919196,1.9595959595959598,2.0],"y":[-2.0,-1.9595959595959596,-1.9191919191919191,-1.878787878787879,-1.8383838383838385,-1.797979797979798,-1.7575757575757576,-1.7171717171717171,-1.6767676767676767,-1.6363636363636362,-1.595959595959596,-1.5555555555555556,-1.5151515151515151,-1.4747474747474747,-1.4343434343434343,-1.393939393939394,-1.3535353535353534,-1.3131313131313131,-1.2727272727272727,-1.2323232323232323,-1.1919191919191918,-1.1515151515151514,-1.1111111111111112,-1.0707070707070705,-1.0303030303030303,-0.9898989898989898,-0.9494949494949494,-0.909090909090909,-0.8686868686868685,-0.8282828282828283,-0.7878787878787878,-0.7474747474747474,-0.707070707070707,-0.6666666666666665,-0.6262626262626261,-0.5858585858585856,-0.5454545454545454,-0.505050505050505,-0.46464646464646453,-0.4242424242424241,-0.38383838383838365,-0.3434343434343432,-0.303030303030303,-0.26262626262626254,-0.2222222222222221,-0.18181818181818166,-0.14141414141414121,-0.10101010101010077,-0.06060606060606055,-0.02020202020202011,0.020202020202020332,0.060606060606060996,0.10101010101010122,0.14141414141414144,0.1818181818181821,0.22222222222222232,0.262626262626263,0.3030303030303032,0.3434343434343434,0.3838383838383841,0.4242424242424243,0.464646464646465,0.5050505050505052,0.5454545454545459,0.5858585858585861,0.6262626262626263,0.666666666666667,0.7070707070707072,0.7474747474747478,0.7878787878787881,0.8282828282828287,0.868686868686869,0.9090909090909092,0.9494949494949498,0.9898989898989901,1.0303030303030307,1.070707070707071,1.1111111111111112,1.1515151515151518,1.191919191919192,1.2323232323232327,1.272727272727273,1.3131313131313136,1.3535353535353538,1.393939393939394,1.4343434343434347,1.474747474747475,1.5151515151515156,1.5555555555555558,1.5959595959595965,1.6363636363636367,1.676767676767677,1.7171717171717176,1.7575757575757578,1.7979797979797985,1.8383838383838387,1.878787878787879,1.9191919191919196,1.9595959595959598,2.0],"z":[[0.022224476739944876,0.02365999509119889,0.02516819192276664,0.026750732253534932,0.028409101236735134,0.030144576907096612,0.03195820165397337,0.03385075257139353,0.03582271087140846,0.03787423058473193,0.04000510681207083,0.042214743830248605,0.04450212339858796,0.04686577365229615,0.04930373900990779,0.05181355156017495,0.05439220442903632,0.05703612765820173,0.05974116715214685,0.06250256726852824,0.06531495763679258,0.06817234478965821,0.07106810918083468,0.07399500813858274,0.07694518526742523,0.0799101867586524,0.08288098500368195,0.08584800982263198,0.08880118752387742,0.09172998789955905,0.09462347913820593,0.09747039050052242,0.10025918246022446,0.10297812386136228,0.10561537549005742,0.10815907930565662,0.11059745242794414,0.11291888483738331,0.11511203961867802,0.11716595446836647,0.11907014309868183,0.12081469510604774,0.12239037283639258,0.12378870377325794,0.12500206700004132,0.12602377234527287,0.12684813090931138,0.12747051579097327,0.1278874119811694,0.1280964545644412,0.1280964545644412,0.1278874119811694,0.12747051579097327,0.12684813090931138,0.12602377234527287,0.12500206700004132,0.12378870377325794,0.12239037283639258,0.12081469510604774,0.11907014309868184,0.11716595446836647,0.11511203961867802,0.11291888483738331,0.11059745242794408,0.10815907930565662,0.10561537549005742,0.10297812386136228,0.10025918246022429,0.09747039050052242,0.09462347913820593,0.09172998789955897,0.08880118752387742,0.08584800982263198,0.0828809850036818,0.0799101867586524,0.07694518526742523,0.07399500813858274,0.07106810918083468,0.06817234478965821,0.06531495763679258,0.06250256726852815,0.05974116715214685,0.05703612765820165,0.05439220442903632,0.05181355156017495,0.04930373900990779,0.04686577365229615,0.04450212339858786,0.042214743830248605,0.04000510681207076,0.0378742305847319,0.035822710871408425,0.03385075257139351,0.03195820165397337,0.030144576907096612,0.028409101236735127,0.026750732253534932,0.025168191922766616,0.023659995091198868,0.022224476739944876],[0.02365999509119889,0.02520074415272465,0.026820521780871416,0.02852122253113206,0.03030455128552347,0.0321719933059311,0.03412478279509476,0.03616387012190571,0.03828988790728054,0.04050311620917613,0.042803447089900366,0.04519034889522128,0.04766283062220675,0.0502194068004135,0.05285806335801177,0.055576224989555535,0.05837072458411051,0.06123777530992441,0.06417294598325061,0.06717114037268998,0.07022658110485121,0.07333279884056779,0.07648262738172656,0.07966820534545972,0.08288098500368195,0.08611174883065412,0.08935063422866757,0.09258716681173514,0.09581030251948588,0.09900847870897404,0.10216967423209876,0.10528147835270207,0.10833116819268404,0.11130579422381989,0.11419227314508816,0.11697748730846777,0.11964838968393406,0.12219211319167451,0.12459608308133424,0.12684813090931138,0.1289366085603981,0.13085050068365198,0.1325795338678413,0.13411428087195656,0.13544625825297327,0.13656801579709957,0.13747321626185321,0.13815670407303005,0.13861456179037832,0.13884415335494035,0.13884415335494035,0.13861456179037832,0.13815670407303005,0.13747321626185321,0.13656801579709957,0.13544625825297318,0.13411428087195656,0.13257953386784121,0.13085050068365198,0.1289366085603981,0.12684813090931138,0.12459608308133424,0.12219211319167433,0.11964838968393406,0.11697748730846777,0.11419227314508791,0.11130579422381989,0.10833116819268404,0.10528147835270192,0.10216967423209856,0.09900847870897404,0.09581030251948588,0.09258716681173514,0.08935063422866757,0.08611174883065412,0.0828809850036818,0.07966820534545968,0.07648262738172656,0.07333279884056766,0.07022658110485115,0.06717114037268998,0.06417294598325061,0.06123777530992437,0.05837072458411051,0.055576224989555535,0.052858063358011666,0.05021940680041346,0.04766283062220675,0.04519034889522118,0.04280344708990035,0.04050311620917613,0.03828988790728054,0.0361638701219057,0.03412478279509476,0.03217199330593109,0.03030455128552347,0.02852122253113206,0.02682052178087139,0.025200744152724643,0.02365999509119889],[0.02516819192276664,0.026820521780871416,0.028558707263103646,0.030384898164214576,0.032301044838759875,0.03430886534538266,0.03640981085114196,0.03860502945721175,0.04089532865141634,0.04328113664051184,0.045762462865447086,0.048338858055485184,0.05100937423130505,0.053772525122145365,0.056626247516605936,0.05956786411964718,0.06259404853816575,0.06570079306268847,0.06888337995145187,0.07213635695355772,0.07545351782806708,0.07882788862383741,0.0822517204786894,0.0857164896742679,0.08921290564310827,0.09273092756555683,0.09625979011534197,0.09978803881322174,0.10330357532826301,0.10679371292660549,0.11024524210939204,0.11364450630697864,0.11697748730846777,0.1202298999075967,0.12338729504237471,0.12643517050149683,0.12935908807084295,0.13214479580403035,0.13477835392786588,0.137246262742445,0.13953559075206248,0.1416341011720169,0.14353037490205817,0.14521392804297703,0.14667532206085038,0.14790626477477184,0.14889970045814846,0.1496498874991972,0.15015246226012974,0.15040448800244755,0.15040448800244755,0.15015246226012974,0.1496498874991972,0.14889970045814846,0.14790626477477184,0.1466753220608504,0.14521392804297698,0.14353037490205817,0.1416341011720169,0.13953559075206248,0.137246262742445,0.13477835392786572,0.13214479580403035,0.12935908807084281,0.12643517050149683,0.12338729504237471,0.1202298999075967,0.11697748730846777,0.11364450630697844,0.11024524210939204,0.10679371292660549,0.10330357532826286,0.09978803881322174,0.09625979011534176,0.09273092756555683,0.08921290564310824,0.08571648967426786,0.0822517204786894,0.07882788862383741,0.07545351782806708,0.07213635695355769,0.0688833799514518,0.06570079306268847,0.06259404853816569,0.05956786411964718,0.05662624751660592,0.053772525122145365,0.05100937423130505,0.048338858055485184,0.04576246286544706,0.04328113664051178,0.040895328651416325,0.03860502945721174,0.03640981085114196,0.03430886534538263,0.032301044838759854,0.030384898164214576,0.028558707263103607,0.02682052178087139,0.02516819192276664],[0.026750732253534932,0.02852122253113206,0.030384898164214576,0.03234419210444457,0.03440132823824242,0.03655828539685475,0.038816759346605535,0.041178122923932844,0.043643384528889044,0.04621314524385603,0.04888755490087817,0.051666267480666425,0.05454839628819275,0.05753246941291841,0.060616386044884604,0.06379737427975005,0.06707195110475947,0.07043588531175551,0.07388416413069032,0.07741096441548494,0.08100962924125492,0.08467265078552998,0.08839166036383919,0.09215742646969477,0.09595986162856904,0.09978803881322174,0.10363021808238526,0.10747388399560487,0.11130579422381989,0.11511203961867802,0.1188781158250273,0.12258900632284707,0.12622927657026406,0.12978317869237901,0.13323476592633626,0.13656801579709946,0.13976696076703857,0.1428158248823748,0.14569916473764363,0.1484020129024561,0.15091002180941498,0.15320960599397565,0.15528808051132795,0.15713379333593003,0.15873624957876561,0.16008622543688647,0.16117586991898503,0.16199879256767635,0.16255013562039483,0.16282662931143108,0.16282662931143108,0.16255013562039483,0.16199879256767635,0.16117586991898503,0.16008622543688647,0.15873624957876548,0.15713379333593003,0.15528808051132795,0.15320960599397565,0.150910021809415,0.14840201290245603,0.14569916473764366,0.1428158248823748,0.13976696076703857,0.13656801579709946,0.13323476592633626,0.12978317869237901,0.12622927657026406,0.12258900632284693,0.1188781158250273,0.11511203961867782,0.11130579422381989,0.10747388399560487,0.10363021808238522,0.09978803881322174,0.09595986162856901,0.09215742646969477,0.08839166036383919,0.08467265078552981,0.08100962924125489,0.07741096441548494,0.07388416413069032,0.07043588531175551,0.06707195110475947,0.06379737427975005,0.06061638604488451,0.05753246941291841,0.05454839628819274,0.051666267480666384,0.0488875549008781,0.04621314524385603,0.043643384528889044,0.041178122923932754,0.03881675934660551,0.036558285396854746,0.03440132823824242,0.03234419210444457,0.030384898164214576,0.02852122253113206,0.026750732253534932],[0.028409101236735134,0.03030455128552347,0.032301044838759875,0.03440132823824242,0.03660792939182972,0.0389231184148265,0.04134886593623934,0.04388679923604444,0.04653815643402004,0.04930373900990779,0.05218386299827907,0.055178309268888136,0.058286273373682154,0.06150631551396927,0.06483631125421022,0.06827340368096699,0.0718139577748753,0.07545351782806708,0.07918676879693387,0.0830075025280016,0.08690858983033065,0.0908819593885119,0.09491858451323998,0.09900847870897404,0.10314070099784031,0.10730337187359329,0.11148370066744426,0.11566802498781824,0.11984186274829517,0.12398997712263855,0.1280964545644412,0.1321447958040302,0.1361180194905351,0.1399987778870921,0.14376948375777968,0.14741244731264225,0.15091002180941498,0.1542447561551463,0.1573995526159165,0.1603578275362622,0.16310367279937882,0.16562201563157586,0.16789877427568584,0.1699210070327564,0.17167705220242738,0.17315665654124407,0.17435109000436533,0.17525324473737022,0.1758577165371477,0.17616086729845,0.17616086729845,0.1758577165371477,0.17525324473737022,0.17435109000436533,0.17315665654124407,0.17167705220242738,0.1699210070327564,0.1678987742756857,0.16562201563157586,0.16310367279937882,0.16035782753626207,0.1573995526159164,0.1542447561551463,0.150910021809415,0.14741244731264225,0.14376948375777968,0.139998777887092,0.1361180194905351,0.13214479580403013,0.1280964545644412,0.12398997712263855,0.11984186274829493,0.11566802498781824,0.11148370066744426,0.10730337187359329,0.10314070099784023,0.09900847870897404,0.09491858451323998,0.0908819593885119,0.08690858983033065,0.0830075025280016,0.07918676879693387,0.07545351782806699,0.07181395777487519,0.06827340368096699,0.06483631125421022,0.06150631551396921,0.058286273373682154,0.055178309268888115,0.05218386299827907,0.04930373900990779,0.04653815643402004,0.04388679923604444,0.04134886593623931,0.0389231184148265,0.03660792939182972,0.03440132823824242,0.032301044838759854,0.03030455128552347,0.028409101236735134],[0.030144576907096612,0.0321719933059311,0.03430886534538266,0.03655828539685475,0.0389231184148265,0.04140595896653349,0.04400908557239315,0.046734412522712876,0.04958343939636462,0.052557198572992805,0.05565620110155752,0.05888038136399131,0.062229041052624175,0.06570079306268847,0.06929350598524432,0.07300424996956133,0.07682924480532474,0.08076381115167229,0.08480232590939323,0.08893818279174186,0.0931637591951593,0.09747039050052242,0.10184835294508872,0.1062868561918756,0.11077404668380758,0.1152970228019412,0.11984186274829517,0.1243936659428365,0.1289366085603981,0.13345401363713236,0.13792843594911508,0.14234176161065185,0.1466753220608504,0.15091002180941498,0.1550264790030679,0.15900517756015184,0.16282662931143108,0.16647154428907213,0.1699210070327565,0.17315665654124407,0.17616086729845,0.17891692865327097,0.18140921973888188,0.1836233770853164,0.18554645211231927,0.18716705578923032,0.1884754879143746,0.18946384869539645,0.19012613059944256,0.1904582887814107,0.1904582887814107,0.19012613059944256,0.18946384869539645,0.1884754879143746,0.18716705578923032,0.18554645211231915,0.1836233770853164,0.18140921973888188,0.17891692865327097,0.17616086729845,0.17315665654124407,0.1699210070327564,0.1664715442890722,0.16282662931143108,0.15900517756015176,0.15502647900306782,0.150910021809415,0.1466753220608504,0.1423417616106518,0.137928435949115,0.13345401363713236,0.128936608560398,0.12439366594283643,0.11984186274829493,0.1152970228019412,0.11077404668380758,0.1062868561918756,0.10184835294508872,0.09747039050052242,0.09316375919515923,0.08893818279174186,0.08480232590939323,0.08076381115167229,0.07682924480532474,0.07300424996956133,0.06929350598524427,0.06570079306268847,0.062229041052624175,0.05888038136399128,0.05565620110155752,0.05255719857299272,0.04958343939636462,0.04673441252271281,0.04400908557239315,0.04140595896653349,0.0389231184148265,0.03655828539685475,0.03430886534538263,0.03217199330593109,0.030144576907096612],[0.03195820165397337,0.03412478279509476,0.03640981085114196,0.038816759346605535,0.04134886593623934,0.04400908557239315,0.046800040586628434,0.04972396784794244,0.05278266322621109,0.05597742366256338,0.05930898722795376,0.06277747163661833,0.06638231177150339,0.07012219687297035,0.07399500813858274,0.07799775757869426,0.08212652906763382,0.08637642262088993,0.0907415030118595,0.09521475391411825,0.09978803881322174,0.10445206997196124,0.10919638675091341,0.11400934457820648,0.11887811582502734,0.12378870377325794,0.12872597075606032,0.13367368140928873,0.13861456179037845,0.14353037490205817,0.1484020129024561,0.1532096059939758,0.15793264766531717,0.1625501356203948,0.16704072737229964,0.17138290911887344,0.17555517615894975,0.1795362227656953,0.18330513911692475,0.18684161260279347,0.1901261305994427,0.193140181622338,0.19586645166323774,0.19828901247595807,0.20039349861232342,0.20216727012240707,0.20359955802153926,0.2046815898871527,0.2054066932758602,0.20577037503735196,0.20577037503735196,0.2054066932758602,0.2046815898871527,0.20359955802153926,0.20216727012240707,0.2003934986123232,0.19828901247595807,0.1958664516632375,0.193140181622338,0.1901261305994427,0.18684161260279325,0.1833051391169246,0.1795362227656953,0.17555517615894958,0.17138290911887352,0.16704072737229964,0.16255013562039483,0.15793264766531717,0.15320960599397565,0.1484020129024561,0.14353037490205817,0.13861456179037832,0.13367368140928862,0.12872597075606035,0.12378870377325794,0.1188781158250273,0.11400934457820645,0.10919638675091341,0.10445206997196124,0.09978803881322174,0.0952147539141181,0.0907415030118595,0.08637642262088988,0.08212652906763375,0.07799775757869426,0.07399500813858274,0.07012219687297035,0.06638231177150335,0.06277747163661833,0.05930898722795373,0.05597742366256334,0.05278266322621107,0.04972396784794243,0.04680004058662839,0.04400908557239313,0.04134886593623931,0.038816759346605535,0.03640981085114196,0.03412478279509476,0.03195820165397337],[0.03385075257139353,0.03616387012190571,0.03860502945721175,0.041178122923932844,0.04388679923604444,0.046734412522712876,0.04972396784794244,0.05285806335801177,0.056138829285508944,0.05956786411964718,0.06314616834115151,0.06687407621578124,0.07075118624261066,0.07477629096030333,0.07894730692513756,0.08326120578644895,0.08771394749593349,0.09230041679397,0.09701436421538552,0.10184835294508872,0.10679371292660549,0.11184050367930563,0.11697748730846777,0.12219211319167451,0.12747051579097346,0.1327975269687588,0.13815670407303005,0.14353037490205817,0.1488997004581484,0.15424475615514627,0.15954463185615947,0.1647775507900463,0.16992100703275648,0.1749519208497205,0.17984681078708128,0.1845819809831655,0.18913372175904264,0.19347852115104636,0.19759328468190177,0.20145556034360554,0.20504376549672604,0.20833741218831128,0.2113173272632271,0.21396586359838266,0.2162670988301669,0.21820701807399134,0.21977367734969352,0.2209573447235284,0.22175061654985387,0.2221485066342987,0.2221485066342987,0.22175061654985387,0.2209573447235284,0.21977367734969352,0.21820701807399134,0.21626709883016668,0.21396586359838266,0.21131732726322716,0.20833741218831128,0.20504376549672604,0.20145556034360554,0.1975932846819018,0.1934785211510461,0.18913372175904264,0.18458198098316553,0.17984681078708128,0.17495192084972055,0.16992100703275648,0.1647775507900463,0.15954463185615947,0.1542447561551463,0.1488997004581483,0.14353037490205817,0.13815670407303007,0.13279752696875874,0.12747051579097327,0.12219211319167433,0.11697748730846777,0.11184050367930563,0.10679371292660549,0.10184835294508872,0.09701436421538537,0.09230041679396987,0.08771394749593335,0.08326120578644895,0.07894730692513748,0.07477629096030333,0.07075118624261066,0.06687407621578124,0.06314616834115151,0.059567864119647145,0.05613882928550891,0.052858063358011666,0.04972396784794243,0.04673441252271281,0.04388679923604444,0.041178122923932844,0.03860502945721174,0.0361638701219057,0.03385075257139353],[0.03582271087140846,0.03828988790728054,0.04089532865141634,0.043643384528889044,0.04653815643402004,0.04958343939636462,0.05278266322621109,0.056138829285508944,0.059654443609909576,0.06333144669680858,0.06717114037268998,0.07117411226017782,0.07534015848011671,0.07966820534545972,0.08415623093000525,0.08880118752387742,0.0935989261163344,0.09854412417172727,0.10363021808238526,0.10884934178851549,0.11419227314508816,0.11964838968393406,0.12520563546052643,0.13085050068365195,0.13656801579709957,0.14234176161065196,0.14815389695883058,0.15398520519676628,0.15981516062129247,0.16562201563157597,0.17138290911887344,0.17707399620300682,0.18267059901984356,0.18814737781764465,0.19347852115104633,0.19863795348203345,0.2035995580215393,0.20833741218831128,0.21282603263896385,0.2170406264500176,0.2209573447235284,0.22455353465538702,0.227807985959893,0.2307011674933788,0.2332154499679465,0.23533531079481326,0.23704751734318402,0.23834128523955056,0.23920840875567273,0.2396433608306303,0.2396433608306303,0.23920840875567273,0.23834128523955056,0.23704751734318402,0.23533531079481326,0.23321544996794635,0.2307011674933788,0.227807985959893,0.22455353465538702,0.2209573447235284,0.2170406264500176,0.21282603263896385,0.2083374121883111,0.20359955802153926,0.19863795348203322,0.19347852115104636,0.1881473778176446,0.18267059901984356,0.17707399620300682,0.17138290911887344,0.16562201563157586,0.15981516062129233,0.1539852051967662,0.14815389695883033,0.14234176161065185,0.13656801579709946,0.13085050068365198,0.12520563546052643,0.11964838968393406,0.11419227314508791,0.10884934178851549,0.10363021808238526,0.09854412417172727,0.0935989261163344,0.08880118752387742,0.08415623093000525,0.07966820534545968,0.07534015848011669,0.07117411226017782,0.06717114037268998,0.06333144669680858,0.05965444360990954,0.05613882928550891,0.05278266322621107,0.04958343939636454,0.04653815643402004,0.043643384528889044,0.040895328651416325,0.03828988790728054,0.03582271087140846],[0.03787423058473193,0.04050311620917613,0.04328113664051184,0.04621314524385603,0.04930373900990779,0.052557198572992805,0.05597742366256338,0.05956786411964718,0.06333144669680858,0.06727049795827812,0.07138666370589922,0.07568082547598808,0.08015301478126559,0.08480232590939323,0.08962682823351764,0.09462347913820593,0.09978803881322187,0.10511498831408367,0.11059745242794414,0.11622712901106082,0.12199422657444786,0.12788741198116957,0.13389377017578008,0.1399987778870922,0.14618629322334786,0.15243856300793834,0.1587362495787656,0.16505847859102,0.17138290911887344,0.1776858270456265,0.1839422623656867,0.1901261305994427,0.1962103980503962,0.2021672701224072,0.20796840137581288,0.21358512544918085,0.21898870242512575,0.22415058069186972,0.22904266986548127,0.23363762090905038,0.23790910923125272,0.24183211628246898,0.2453832050035753,0.24854078442889208,0.25128535880492225,0.25359975676065616,0.2554693363498526,0.2568821621736419,0.2578291512729514,0.25830418504198704,0.25830418504198704,0.2578291512729514,0.2568821621736419,0.2554693363498526,0.25359975676065616,0.25128535880492225,0.24854078442889208,0.24538320500357505,0.24183211628246898,0.23790910923125272,0.23363762090905038,0.22904266986548127,0.22415058069186972,0.21898870242512575,0.21358512544918085,0.20796840137581288,0.20216727012240707,0.1962103980503962,0.1901261305994427,0.1839422623656867,0.1776858270456265,0.17138290911887352,0.16505847859102005,0.15873624957876561,0.15243856300793834,0.14618629322334786,0.1399987778870921,0.13389377017578008,0.1278874119811694,0.12199422657444786,0.11622712901106082,0.11059745242794414,0.10511498831408367,0.09978803881322174,0.09462347913820593,0.08962682823351759,0.08480232590939323,0.08015301478126559,0.07568082547598791,0.07138666370589908,0.0672704979582781,0.06333144669680858,0.059567864119647145,0.05597742366256338,0.05255719857299272,0.04930373900990779,0.04621314524385603,0.04328113664051178,0.04050311620917613,0.03787423058473193],[0.04000510681207083,0.042803447089900366,0.045762462865447086,0.04888755490087817,0.05218386299827907,0.05565620110155752,0.05930898722795376,0.06314616834115151,0.06717114037268998,0.07138666370589922,0.0757947745569415,0.0803966928203892,0.08519272709133831,0.09018217773104839,0.09536323900662698,0.10073290150478277,0.1062868561918756,0.11201940166333589,0.11792335629012443,0.1239899771226386,0.13020888754691304,0.13656801579709957,0.14305354650451033,0.14964988749919733,0.1563396540673511,0.16310367279937893,0.16992100703275648,0.17676900569535417,0.1836233770853164,0.1904582887814107,0.19724649446442238,0.20395948795008667,0.21056768419498678,0.2170406264500176,0.22334721811586522,0.22945597721901173,0.23533531079481318,0.24095380585767454,0.24628053307920958,0.25128535880492225,0.25593926063807765,0.2602146415228411,0.26408563708046934,0.2675284109009033,0.2705214325711439,0.27304573343013866,0.2750851353717643,0.27662644846319456,0.2776596336926975,0.2781779277936253,0.2781779277936253,0.2776596336926975,0.27662644846319456,0.2750851353717643,0.27304573343013866,0.2705214325711439,0.2675284109009034,0.26408563708046934,0.2602146415228411,0.25593926063807765,0.251285358804922,0.24628053307920952,0.24095380585767454,0.23533531079481318,0.22945597721901176,0.22334721811586528,0.21704062645001768,0.21056768419498678,0.2039594879500866,0.19724649446442238,0.19045828878141058,0.1836233770853164,0.17676900569535417,0.1699210070327564,0.16310367279937882,0.15633965406735112,0.14964988749919722,0.14305354650451033,0.13656801579709946,0.13020888754691287,0.12398997712263855,0.11792335629012443,0.11201940166333589,0.1062868561918756,0.10073290150478277,0.09536323900662698,0.09018217773104831,0.08519272709133816,0.0803966928203892,0.07579477455694146,0.07138666370589908,0.06717114037268998,0.06314616834115151,0.05930898722795376,0.05565620110155752,0.05218386299827907,0.04888755490087817,0.04576246286544706,0.04280344708990035,0.04000510681207083],[0.042214743830248605,0.04519034889522128,0.048338858055485184,0.051666267480666425,0.055178309268888136,0.05888038136399131,0.06277747163661833,0.06687407621578124,0.07117411226017782,0.07568082547598808,0.0803966928203892,0.08532332097737741,0.09046134135399374,0.09581030251948588,0.10136856119534983,0.10713317309788904,0.1130997851333624,0.11926253064445683,0.12561392960029533,0.13214479580403035,0.13884415335494035,0.14569916473764363,0.15269507301070379,0.15981516062129247,0.1670407273722997,0.17435109000436533,0.1817236057195528,0.18913372175904264,0.19655505284955274,0.20395948795008667,0.21131732726322716,0.21859744992838998,0.22576751219718993,0.23279417521654736,0.2396433608306303,0.24628053307920958,0.25267100234136103,0.2587802483755178,0.26457425786605543,0.27001987152835444,0.2750851353717643,0.2797396503923378,0.2839549147788195,0.28770465267456335,0.29096512364700466,0.2937154072711847,0.2959376576254496,0.297617323012309,0.29874332683900845,0.2993082063024086,0.2993082063024086,0.29874332683900845,0.297617323012309,0.2959376576254496,0.2937154072711847,0.29096512364700466,0.28770465267456335,0.2839549147788195,0.2797396503923378,0.27508513537176404,0.27001987152835444,0.26457425786605543,0.2587802483755178,0.25267100234136086,0.24628053307920952,0.2396433608306303,0.23279417521654736,0.22576751219718993,0.21859744992838984,0.21131732726322716,0.2039594879500866,0.19655505284955274,0.18913372175904264,0.18172360571955265,0.17435109000436533,0.16704072737229947,0.15981516062129233,0.15269507301070379,0.14569916473764366,0.13884415335494035,0.13214479580403013,0.12561392960029533,0.11926253064445683,0.1130997851333623,0.10713317309788904,0.10136856119534983,0.09581030251948588,0.09046134135399356,0.08532332097737735,0.08039669282038918,0.07568082547598791,0.07117411226017782,0.0668740762157811,0.06277747163661833,0.05888038136399128,0.055178309268888115,0.051666267480666425,0.04833885805548507,0.04519034889522118,0.042214743830248605],[0.04450212339858796,0.04766283062220675,0.05100937423130505,0.05454839628819275,0.058286273373682154,0.062229041052624175,0.06638231177150339,0.07075118624261066,0.07534015848011671,0.08015301478126559,0.08519272709133831,0.09046134135399374,0.09595986162856904,0.10168813095173734,0.10764471013064889,0.11382675587550406,0.12022989990759674,0.12684813090931138,0.13367368140928873,0.14069692191168873,0.14790626477477184,0.15528808051132806,0.16282662931143108,0.17050401066550716,0.17830013398154,0.18619271303335103,0.19415728693715448,0.2021672701224072,0.21019403343410445,0.21820701807399134,0.22617388355846513,0.23406069024652876,0.241832116282469,0.24945170802053274,0.2568821621736419,0.26408563708046934,0.27102408964412883,0.2776596336926975,0.2839549147788195,0.2898734958033371,0.2953802473435841,0.30044173621261766,0.3050266055865254,0.30910594002046526,0.31265360882973914,0.31564658163177706,0.3180652103139294,0.3198934722911721,0.3211191706253894,0.3217340873712335,0.3217340873712335,0.3211191706253894,0.3198934722911721,0.3180652103139294,0.31564658163177706,0.3126536088297388,0.30910594002046526,0.30502660558652545,0.30044173621261766,0.2953802473435841,0.28987349580333716,0.2839549147788195,0.2776596336926975,0.2710240896441286,0.26408563708046934,0.25688216217364196,0.24945170802053268,0.241832116282469,0.23406069024652854,0.22617388355846496,0.2182070180739914,0.2101940334341044,0.20216727012240707,0.19415728693715428,0.18619271303335094,0.17830013398154007,0.17050401066550722,0.16282662931143108,0.15528808051132795,0.14790626477477184,0.14069692191168875,0.13367368140928862,0.12684813090931138,0.1202298999075967,0.11382675587550406,0.1076447101306487,0.10168813095173734,0.09595986162856904,0.09046134135399356,0.08519272709133816,0.08015301478126559,0.07534015848011669,0.07075118624261066,0.06638231177150335,0.06222904105262413,0.058286273373682154,0.05454839628819275,0.05100937423130505,0.04766283062220675,0.04450212339858796],[0.04686577365229615,0.0502194068004135,0.053772525122145365,0.05753246941291841,0.06150631551396927,0.06570079306268847,0.07012219687297035,0.07477629096030333,0.07966820534545972,0.08480232590939323,0.09018217773104839,0.09581030251948588,0.10168813095173734,0.10781585094707766,0.11419227314508791,0.12081469510604774,0.12767876601379344,0.13477835392786588,0.14210541789675848,0.1496498874991972,0.1573995526159165,0.16533996643933732,0.17345436489061086,0.1817236057195528,0.1901261305994427,0.19863795348203322,0.20723267833578987,0.215881549141461,0.22455353465538702,0.23321544996794635,0.241832116282469,0.25036655962459536,0.2587802483755178,0.26703336862349975,0.2750851353717642,0.28289413665833774,0.2904187066705579,0.297617323012309,0.3044490224449282,0.3108738287103468,0.3168531854898426,0.3223503871790272,0.3273309999852244,0.3317632658826401,0.33561848218838886,0.3388713499334605,0.34150028477433036,0.3434876848952467,0.3448201511586951,0.3454886556436877,0.3454886556436877,0.3448201511586951,0.3434876848952467,0.34150028477433036,0.3388713499334605,0.33561848218838886,0.3317632658826401,0.32733099998522414,0.3223503871790272,0.3168531854898426,0.3108738287103468,0.30444902244492805,0.29761732301230875,0.2904187066705581,0.28289413665833757,0.2750851353717643,0.2670333686234994,0.2587802483755178,0.25036655962459536,0.241832116282469,0.23321544996794638,0.22455353465538688,0.21588154914146088,0.20723267833578968,0.19863795348203322,0.19012613059944256,0.18172360571955265,0.17345436489061086,0.16533996643933718,0.1573995526159165,0.14964988749919722,0.1421054178967585,0.13477835392786564,0.12767876601379344,0.12081469510604774,0.11419227314508791,0.10781585094707766,0.10168813095173734,0.09581030251948588,0.09018217773104831,0.08480232590939323,0.07966820534545968,0.07477629096030323,0.07012219687297035,0.06570079306268842,0.06150631551396921,0.05753246941291841,0.053772525122145365,0.05021940680041346,0.04686577365229615],[0.04930373900990779,0.05285806335801177,0.056626247516605936,0.060616386044884604,0.06483631125421022,0.06929350598524432,0.07399500813858274,0.07894730692513756,0.08415623093000525,0.08962682823351764,0.09536323900662698,0.10136856119534983,0.10764471013064889,0.11419227314508791,0.12101036054405816,0.1280964545644412,0.13544625825297327,0.14305354650451033,0.15091002180941498,0.15900517756015184,0.16732617204883973,0.17585771653714768,0.18458198098316553,0.19347852115104633,0.20252423089192784,0.211693323352361,0.2209573447235284,0.23028522387707415,0.2396433608306303,0.24899575644171856,0.25830418504198704,0.2675284109009033,0.27662644846319456,0.285554865259948,0.29426912528023885,0.3027239694468224,0.3108738287103468,0.31867326420986575,0.32607742799197004,0.3330425369824758,0.33952635230247474,0.3454886556436877,0.3508917142825391,0.35570072641986766,0.3598842388707029,0.36341452967039894,0.36626794887398967,0.36842521166425457,0.3698716388094061,0.37059734048689297,0.37059734048689297,0.3698716388094061,0.36842521166425457,0.36626794887398967,0.36341452967039894,0.3598842388707029,0.35570072641986766,0.3508917142825391,0.3454886556436877,0.33952635230247474,0.3330425369824758,0.32607742799197004,0.31867326420986575,0.3108738287103468,0.3027239694468221,0.29426912528023885,0.2855548652599479,0.27662644846319456,0.26752841090090324,0.25830418504198704,0.24899575644171865,0.2396433608306303,0.23028522387707415,0.22095734472352846,0.211693323352361,0.20252423089192773,0.1934785211510461,0.18458198098316553,0.1758577165371477,0.1673261720488397,0.15900517756015176,0.150910021809415,0.14305354650451024,0.13544625825297318,0.1280964545644412,0.12101036054405814,0.11419227314508791,0.1076447101306487,0.10136856119534983,0.09536323900662698,0.08962682823351759,0.08415623093000525,0.07894730692513748,0.07399500813858274,0.06929350598524427,0.06483631125421022,0.060616386044884604,0.05662624751660592,0.05285806335801177,0.04930373900990779],[0.05181355156017495,0.055576224989555535,0.05956786411964718,0.06379737427975005,0.06827340368096699,0.07300424996956133,0.07799775757869426,0.08326120578644895,0.08880118752387742,0.09462347913820593,0.10073290150478277,0.10713317309788904,0.11382675587550406,0.12081469510604774,0.1280964545644412,0.13566974884767843,0.14353037490205817,0.15167204520911262,0.16008622543688647,0.1687619797172332,0.1776858270456265,0.18684161260279325,0.19621039805039614,0.20577037503735202,0.2154968062493887,0.22536199832182907,0.23533531079481318,0.24538320500357505,0.2554693363498524,0.2655546927850395,0.2755977815492972,0.2855548652599479,0.295380247343584,0.30502660558652545,0.3144453712755427,0.3235871500631184,0.33240217937483874,0.34084081594171683,0.3488540459489237,0.35639400940201277,0.3634145296703988,0.3698716388094061,0.3757240892023552,0.3809338422983879,0.38546652572521445,0.38929185078649253,0.3923839832562486,0.39472186139722154,0.39628945619789696,0.3970759698954713,0.3970759698954713,0.39628945619789696,0.39472186139722154,0.3923839832562483,0.3892918507864925,0.38546652572521445,0.38093384229838795,0.3757240892023552,0.3698716388094061,0.3634145296703988,0.3563940094020125,0.34885404594892366,0.34084081594171683,0.33240217937483874,0.32358715006311833,0.3144453712755427,0.30502660558652545,0.295380247343584,0.28555486525994767,0.2755977815492972,0.2655546927850395,0.2554693363498524,0.24538320500357505,0.23533531079481287,0.22536199832182907,0.21549680624938838,0.20577037503735177,0.19621039805039614,0.1868416126027933,0.17768582704562622,0.168761979717233,0.1600862254368864,0.15167204520911245,0.14353037490205797,0.13566974884767843,0.1280964545644412,0.12081469510604774,0.11382675587550406,0.10713317309788897,0.10073290150478262,0.09462347913820593,0.08880118752387742,0.08326120578644886,0.07799775757869423,0.07300424996956124,0.06827340368096699,0.06379737427975005,0.059567864119647145,0.055576224989555535,0.05181355156017495],[0.05439220442903632,0.05837072458411051,0.06259404853816575,0.06707195110475947,0.0718139577748753,0.07682924480532474,0.08212652906763382,0.08771394749593349,0.0935989261163344,0.09978803881322187,0.1062868561918756,0.1130997851333624,0.12022989990759674,0.12767876601379344,0.13544625825297327,0.14353037490205817,0.15192705024891978,0.16062996815598313,0.16963037973773923,0.17891692865327097,0.18847548791437455,0.19828901247595848,0.2083374121883111,0.2185974499283899,0.22904266986548127,0.23964336083063037,0.25036655962459536,0.26117609879329257,0.2720327029040853,0.2828941366583379,0.2937154072711847,0.3044490224449282,0.3150453039768715,0.32545275560856013,0.3356184821883889,0.3454886556436878,0.35500902171284765,0.364125439950772,0.3727844482709685,0.3809338422983881,0.3885232591391012,0.39550475486645215,0.4018333650932608,0.407467638431842,0.41237013339548123,0.4165078702993097,0.419852730891205,0.4223817996942108,0.4240776422867298,0.4249285169184764,0.4249285169184764,0.4240776422867298,0.4223817996942104,0.41985273089120484,0.41650787029930963,0.41237013339548123,0.407467638431842,0.4018333650932608,0.39550475486645187,0.3885232591391011,0.3809338422983881,0.372784448270968,0.364125439950772,0.35500902171284743,0.3454886556436877,0.33561848218838886,0.3254527556085599,0.3150453039768716,0.3044490224449282,0.2937154072711847,0.28289413665833757,0.27203270290408504,0.26117609879329257,0.25036655962459536,0.2396433608306303,0.22904266986548133,0.21859744992838998,0.2083374121883111,0.19828901247595807,0.1884754879143746,0.17891692865327097,0.16963037973773923,0.16062996815598304,0.15192705024891973,0.14353037490205817,0.13544625825297318,0.12767876601379344,0.1202298999075967,0.1130997851333623,0.10628685619187547,0.09978803881322174,0.0935989261163344,0.08771394749593335,0.08212652906763382,0.0768292448053246,0.07181395777487519,0.06707195110475947,0.06259404853816569,0.05837072458411051,0.05439220442903632],[0.05703612765820173,0.06123777530992441,0.06570079306268847,0.07043588531175551,0.07545351782806708,0.08076381115167229,0.08637642262088993,0.09230041679397,0.09854412417172727,0.10511498831408367,0.11201940166333589,0.11926253064445683,0.12684813090931138,0.13477835392786588,0.14305354650451033,0.15167204520911262,0.16062996815598313,0.1699210070327565,0.1795362227656953,0.18946384869539645,0.19968910561119918,0.21019403343410445,0.22095734472352846,0.23195430548635718,0.2431566489585647,0.25453252807953464,0.2660465122565375,0.27765963369